17576681
35716694
21436607
38049578
28209901
35145221
37816354
38443601
31135095
25368429
25923076
34385317
38022572
34828415
29512140
33188076
36581202
37240260
23669185
29385764
30798934
37175554
22632140
31336819
36044734
35866541
36914796
36266343
22376112
26908505
33098401
34215961
27438862
36503010
27916523
22990239
36577374
37366056
7809902
12509472
38030695
29078353
35947915
36700095
21281862
35688849
31007492
35849420
30737350
38931262
36639383
34107150
21347245
31887027
35976797
32312836
30711067
36640000
36888659
11154259
36454750
35038786
33824325
28813411
22247763
40377215
37341722
36774530
35529278
33784074
27792453
33119594
35639727
38212694
24447369
29846697
35217637
36351772
36411990
26286827
39475790
37195939
27199428
27319576
36361989
33916318
39996712
31019071
35922525
31679456
11284915
30239932
35980196
29378822
12846825
29382762
33441818
29895621
32966796
34358326
33368198
27457959
26976705
33973996
31227601
35998484
18842686
34985267
26085096
26861872
29734386
35488315
25827231
23691050
36308301
31408443
25983246
38457504
24928506
33264701
21300912
31428779
37092308
32441549
34469537
30554877
35164242
37299496
25340760
26041011
26423437
30979551
18226094
34068992
17073103
22895028
34330826
37950725
25378410
34364289
38413007
21454602
29648610
37801004
37333388
27867203
20695523
28067256
10887158
20961817
33514655
19906913
20551316
32817449
29809142
20669935
38038260
22513372
39599637
33559002
23352146
32156711
37467631
33462668
37391438
28319664
29234107
38385876
25418101
38789612
9380520
30310068
27454736
28245220
25842840
21167175
28973441
24714634
24416237
38908029
24631654
38501448
30388408
19925661
12949067
17699579
29903914
17218277
31820916
34001607
28341698
25339987
9748606
25162224
16141194
17681497
11058111
22496159
26140378
28180291
18519673
23479739
25827226
20352124
26121352
9622128
17786197
22016554
12502836
7683675
36142800
24949977
1704895
38594334
28727736
18448394
39574759
6369329
12034850
8943054
8524839
12370366
23474705
35963576
35889753
23543747
26350212
34801549
26355088
19153606
18463615
34935587
36902011
22099972
25391658
35352164
27298253
27298336
31796781
34062858
11095682
14585988
27530320
11058110
22965922
28431012
11689691
319457
1698789
18028946
16971464
22860032
17531370
20097909
21926092
11113193
32667125
11004175
25249454
18206976
23609764
28977461
24392701
15381706
26930076
26491064
10369688
18842679
11707422
18189417
30889508
7000619
31398282
18094172
18263611
28775312
22717581
13679367
30566332
23799126
7762556
22334663
11313481
26928302
22216172
1396716
23144626
32358066
7628019
20705648
37683649
6470001
24737550
24369694
20139091
26340535
8631839
20224196
16006591
15185974
20237259
15610738
24214343
24940751
22832904
27989484
15064360
26717984
23835339
29116066
26319877
16251458
33008045
31233808
29982410
17711918
19167482
11124950
33227426
2236042
10713149
27288444
25187411
19656953
18096750
39318508
19564618
6833668
15127884
20442312
10452611
39789421
24759104
21304950
16503984
11297519
17092944
26626537
25353689
27694439
28753602
14597739
28056084
25443790
18397950
28973469
25659430
19955479
21276224
12960389
11730018
30839203
10636912
16079504
17005553
11376139
8144602
12097328
39075202
15051890
31740608
1741372
6277892
15606776
16120966
10430871
17889624
19854856
11294844
18480546
25063297
9931216
18385153
27611318
30181618
19076449
21724606
10681537
24976131
20139901
22954451
12853630
11055473
17705640
29620773
10637327
16305752
24134187
20687133
23470999
23268450
22977231
11861920
29209740
18931375
16239215
9860959
9556585
12368208
12834280
8654380
28220139
26285213
12199529
26327169
1691709
24083389
23988736
22484926
26302378
9734356
8887680
23691072
16527824
11098133
30526846
20628184
17517631
22793782
6300848
8846905
22675340
8332468
23319444
1313816
8722763
10987603
1279255
40331943
17210571
19282652
14587647
17287292
3281657
26625292
11524424
17984075
16188888
18499711
9092664
18717589
19442643
23589283
19440206
17112239
9837947
19767609
10551858
15569147
8288650
7507249
18485883
19937758
3932346
10929069
21800837
2543563
2961565
15339923
10828038
15107482
19413180
16332335
1956789
204635
2833248
19476613
11948182
11952835
3044790
3967650
8651293
21542645
21394209
9889268
12464611
33059413
2553585
7673156
17127106
15692999
21675798
10082555
2351648
2325644
15554452
10645894
26481355
8148004
17576677
3889894
12584190
11390398
21613123
9335305
17302436
6089123
1658791
2408802
23188050
32119110
28436537
28751376
21809990
23910823
28642369
21559008
17144676
25550423
28092261
17468265
15845538
14960722
37152986
34203807
26011121
27190002
22565307
18485648
16948132
30146488
16048917
8875958
35399683
16314466
30507373
24716482
18515266
1656970
19439191
21559384
12502825
25170086
30726994
24983321
12839995
28947610
1459443
25193712
33054390
38580989
2527845
31978172
9635838
20430858
8292044
28130442
17502379
18045536
32820084
12429861
15811916
40105357
32979320
23584019
284402
16079141
1942244
21903993
27507552
25873392
18391949
18402287
10488344
10715327
8132553
30540446
11044079
12388548
10872329
22927396
28496098
30355591
19615116
26888427
10213389
25569802
22586100
11073557
30943227
21398597
27791008
21908712
32319424
10799539
36139016
20558577
10871614
25848054
8278493
15780096
9115369
8170392
19653881
29444814
31138652
36094445
23777706
23354402
29760078
10590119
25976354
12213815
12196547
25722373
22497218
19875982
3537706
17035334
39764454
30022089
26669444
7499432
28885567
11973294
22186136
27412862
15466592
20064485
9880503
20170898
24591630
24173212
25252713
22872635
20156285
11013215
17394548
21614449
11741799
18410489
8419328
24718418
25826305
19687360
34044300
30916344
9158089
1722323
35771942
11459975
15659368
15475561
25052314
35154573
31182245
11997134
20032577
30006473
32796743
20600243
26308932
19481546
24086450
24896181
12644471
10943896
18332119
26491020
31636454
18923083
11504725
19378187
15470074
2268272
22910209
22747753
39532854
35233924
37393616
22179572
7929815
28319892
25446989
9586633
21108829
24248389
22883563
7574676
28827409
25944983
2544622
24454905
16955146
28712727
26473731
12668665
11940651
26371321
22720133
14734526
1379727
33839151
33669167
32926942
11359612
37954993
2394828
19204108
17959725
14632646
15159401
31269447
18477764
39178250
15079075
31914379
1697580
16206509
2948873
22340433
19096392
29291225
38993645
32125086
31241862
7690772
18003859
20176105
19307726
20556377
26941169
9121457
31461648
18207464
22185369
27428308
38140389
38134958
10484613
9232598
30032151
21490135
24152968
34197627
19568436
2474545
8041704
38889006
34108954
2152809
17267815
3025590
27956617
23558593
8702548
21325106
7753833
9353252
21187399
25880340
17653262
17365851
29456540
17030559
31216373
32084168
30428888
28052251
27800608
16754995
34541219
11532950
10861247
28605512
29847791
15774026
12644469
18492779
17709539
23864712
34578452
32535078
24693944
29343420
18000057
31607537
31952552
18949714
21309864
19398768
27671637
24458744
37125774
28803776
22561853
38168453
21175593
26251883
25829125
23222549
20494946
26041126
19626699
8055971
22422879
17434558
39338469
26991064
23109709
7494335
20380930
28786954
39201612
25255211
22523658
21697975
26868178
9776712
21814449
32657390
18191224
30835192
16963447
18855258
32585969
27756748
25966442
6662107
18623241
1359788
28515346
28753428
10488082
33135056
38961479
19343541
30055264
31286773
20102227
26244892
25822666
29297752
22475811
30626688
27216746
3338984
9402026
39829886
17261635
20644176
23225063
28003261
20359323
7669561
29692379
19671163
23737326
24567737
23735080
9346877
36354007
22510273
8460122
37486342
31307522
15867095
11106652
21521499
27257067
19596785
9607916
31752286
31676783
23210525
28824932
38394324
38014040
11204271
25079859
31237951
8601623
32531365
32894123
27914716
16127452
32961405
20574843
26039217
27176146
34368149
20007784
22668418
25615450
31050848
33503255
30342746
28319112
27693290
29635416
19515225
26459872
24563606
28049479
22905315
28742110
30510240
39701950
11821420
32530974
24950197
38774515
17702761
35950213
33467049
30349479
29769282
34527004
35328039
20615949
3336358
22096567
16030124
23527209
33199048
37895186
31445087
12045144
28086752
33856342
32214713
24086042
39746689
15213235
28761163
24237148
20550932
34906245
33430120
7937908
23284052
8144539
22792183
24489763
24344301
24093099
36746659
22677152
22504641
18607789
18337833
29963190
19293142
1935910
32926178
27598215
27370712
26929272
20936176
27350828
10737135
29774366
25771198
23990928
19380376
36436494
21978030
22578383
24043759
33245471
9466330
20131264
38645021
36308461
27616708
28415721
32125933
36749784
38586006
30808656
22741547
36503909
21671477
28570654
20937604
22581838
29138304
31719298
18849486
24564666
22257670
20103589
21897762
28193728
35782734
39704502
18616294
30178538
32983205
27153699
25663726
27980426
20702081
36388261
32652007
29534633
20976264
7672590
36222346
28609141
33871443
24614976
27716061
21156194
10052118
20688779
12149477
29797366
17105346
33487172
31141611
38553675
33381148
27100228
18420657
27898822
27090146
7042454
29550161
15636610
23469094
20619604
38934597
35797146
21406686
39726962
23572525
14695324
27312411
9399838
29904073
40353224
26900431
27083994
19893211
22689467
17869477
25695075
35087515
33662661
24225324
24084845
37179366
10440229
35069591
23279287
34829878
24199621
33168625
32568371
38824176
24580776
28472276
25495213
20454687
38671548
28039230
27152526
24800821
17506895
37648155
25025158
28686598
20498060
30824172
29167200
24923674
34812718
33937266
24875187
34440342
40286853
22522825
23189034
28486933
17974959
22829599
32264863
19364137
28192636
32306546
35573728
35100358
29515606
39053521
26793302
16520826
27541856
29935922
28115635
32639508
24056715
34625031
22918977
29936258
38872121
28694453
20019387
27766960
32873606
32722480
29411706
18776912
18694899
38297097
34135906
26945881
25586126
17697331
15635263
28222683
16481661
25592313
39969909
39080541
36173322
29062062
27721499
25112471
24007308
24113537
23821598
22142166
19542228
26538937
39872823
32117410
39195741
31307227
24943723
30553750
1313561
26304100
27711162
28706299
21441934
7713425
23995392
11266544
18031680
15347815
12177305
29973361
38822237
33833133
34285244
26708359
23049875
40164996
24415935
39078222
25133774
23441190
28182717
23069756
39712681
29802381
29301327
1373201
25888167
28780965
31736364
29204152
37759714
36798419
21571876
116234
20305016
17053087
39516673
38087988
25654265
25193968
23024299
30377281
39555173
35269871
33803140
18803848
36778122
23457306
22851970
34746057
32657355
22257221
35873465
1380469
30455068
11897778
31016042
30293719
14965359
26287260
34605330
30872406
27595237
38069190
31221755
23934893
31122195
20040764
26578187
30694518
33926715
40194661
32804931
29175301
39375348
37154151
35875730
25337255
24102597
19757192
8552599
34966700
32657363
36610711
34404823
28767725
24564404
23340510
11585903
26823632
32375401
31049585
28594827
37284851
25886167
24339793
26079350
9973082
6222379
35081459
25619315
29686692
29254215
31804560
17079498
19957145
26558718
35708611
30106352
28512644
21763452
37396707
35822012
29558945
30042387
34458137
36980820
28117753
38393762
32940422
20646763
30766534
40025082
770231
26798338
18298792
38042343
28792539
25774080
24245791
32161300
29721311
28075396
2889188
24498629
20818168
27279372
25586835
30517183
18325117
34614167
24887077
26575327
28946034
11710928
10024589
37090668
15914531
29156748
12555660
23372835
19077239
36012566
37509408
30087411
40253348
31754132
29998379
11084028
29156000
21406975
19778963
30410575
28874819
27031951
9288893
37736897
30255766
20505764
38565986
33281750
26805464
25091235
21262040
33228423
31485292
16933998
39339861
27122020
30371560
30925861
36418931
32560489
25923354
7768886
34906508
16826518
33180906
31818313
30821128
29520731
29283313
29069314
19276152
18816368
7916950
38691461
36237422
28386109
24438559
23684012
23630320
38862426
34413874
29949971
28715485
28052134
27023180
22004327
17273966
26117547
20453840
40006928
29023970
28542571
7629061
30890163
32031351
29300834
28757290
10536999
7743668
35906185
25708857
18466460
20333203
21680889
34507392
31290946
31193309
23927439
26075215
24688709
27303435
21209924
19021404
35690714
27381457
26544714
39596280
10975807
21765852
23285077
21204225
37474940
24728038
36320441
33217039
29970450
23892592
25582438
32131749
28499349
27476724
39146939
12959216
39116631
39487963
37891335
35215099
33999024
17033956
28800727
27735924
27291827
26225558
26072509
22294843
39664692
39402450
38252662
35154282
27940951
37376616
25775266
32556169
24054029
9729046
8213812
6371712
35501131
31148217
20018060
23300392
20839488
40001090
28073402
26711993
17439646
26024230
22840365
29695768
17009241
26172442
33738124
39417677
28800624
24685233
37199964
35077539
28100787
11551952
28469184
22624051
22012471
14729965
8168482
32299342
23894273
39548370
35908100
34084427
21565265
21251252
40194619
22351772
39201532
27965642
39813444
25877922
27183569
23636738
22971905
25713392
16585549
33034633
29467929
29375386
39995037
36941692
36766665
36635051
36530025
36266246
35639973
34513934
33790238
28158971
26077599
23671333
20565875
18687881
3122183
32682781
32471343
31153042
15236648
10785387
10508252
38881795
38851759
38253562
34722482
28837811
28619677
24496117
16451556
30987214
29398854
37239463
39403278
34048627
33635499
31134276
30479017
30364947
29064512
28220884
28066375
21990380
21622801
16735994
15657438
9531593
37628966
37106947
36847371
24180375
23970949
19161594
14966673
36147501
33543123
29751739
28484440
28464061
28432296
23817323
1324477
27702815
18579552
17295913
33803998
36550834
38794468
36777516
30814512
33790638
31658048
38517871
18842780
18339804
18239663
19860911
38513339
33950286
27194763
26902998
26313784
26672516
37652282
15361580
26932475
37894940
24379187
40259394
31909452
30596810
27612622
38627615
36183009
33662018
26484757
23307894
23165797
31380804
39336728
38569896
36899474
34498425
26518484
39125613
38833463
35451532
30655613
28046027
8808275
35947748
25944937
29279323
24223758
22403431
20408864
15034081
19541292
16301749
39216121
32554755
15057282
8321229
24927551
39837007
28764683
29507875
27806689
32858955
26988592
29925625
38491466
24101473
36016239
17163995
11531419
10223930
37936929
35329921
33839230
33327932
28961919
26719766
23586671
22200539
21203714
19129089
18420590
33509090
31159868
30838093
29760081
20921520
15805471
38922124
38592925
36693052
34772337
33574670
28531267
27829668
26574731
23457292
11595188
39738026
35348690
34227076
33447826
33147465
32727380
31830916
28744190
23547164
2355915
40075446
39974905
37331658
36343254
24403848
20935051
39091338
38515054
38446639
37305020
35874098
33318652
27347199
26450966
25624100
24948778
23267008
15653636
12682366
11717307
3920343
34956119
30150759
30102347
22144182
20696888
36369889
27504821
26462036
19821770
33726538
28368037
26490433
25489051
23867619
21572095
35173190
34011274
23497368
36178955
19166990
39559912
31608789
31534162
2823266
31277475
34255930
32075490
39214306
34166469
40105091
25505293
21212665
39986193
38698441
30992731
28007624
27596955
20565573
26718501
34019912
33770189
30472377
21807600
30897375
32869023
27301377
24850729
23936406
31622333
24345423
20441441
30604962
30487218
36544643
28159624
34721527
40143812
30111292
38847554
36078063
32025761
28683832
33762698
27011731
26776076
26699621
23300679
40270961
38000912
29759067
29893858
29503442
29044928
23369358
24416361
17606639
14999097
39191841
38495489
37709841
28900432
26828937
26530671
21673094
21602323
9758621
8636112
36318012
34344789
18555749
18470933
33459766
32893860
32810294
32644297
31846000
31835827
31341223
20807214
9393709
37600957
36792366
35158780
27897270
22041500
35459101
34547768
33588754
32433742
32256580
29850783
22889830
37550788
36992580
25631811
20404211
39561304
38033558
36767300
26322838
8798775
1400508
34977502
31354685
23633572
23563155
21317292
15564496
36813963
31504264
39366938
35154513
29247828
19220900
22648267
24251117
21458658
34209820
27389912
37556136
35938910
28007623
27252524
35282085
29599420
29483093
19745165
39639588
27783703
24852519
34061963
40192984
31856831
31127310
30975702
29361467
29163635
14704164
14625291
12437885
10198066
39494907
37265503
36634476
36204313
35632767
35120462
33763088
33319812
26628723
24464994
24446686
30260469
19841096
12836192
8571952
37990161
35852060
35632855
27880870
27114530
26224146
23707303
2157863
34090340
32403026
29907647
29868607
29785135
29536659
27367928
21320510
17371989
15465784
37100722
36583227
36123897
35891333
25825764
25746449
24648516
24634674
20360391
14563017
28923949
26509595
26416862
26265703
8990090
34991450
33995038
31416246
22197481
20846959
30518407
37131867
21500192
24710560
35677076
30285664
22438818
31596517
27355755
26879236
26020268
24872587
33995666
26411687
40299209
37650156
28925402
28894202
35362630
35171007
25268584
31130655
32818852
32512809
30626323
29177119
14963816
39602274
38388540
36743470
35947614
33555306
33499774
27755386
27304978
21355561
19171884
40123572
32702269
34093666
33737158
28621914
35009002
33790968
31712730
27863419
26989149
21696641
21550379
16222339
9012405
24889250
19279190
39269967
36686639
25713353
23127185
35516001
34406823
34202606
31111694
30377376
22906116
18368133
39480089
17565964
16818769
36149256
38791357
34964709
29511103
12097339
34561431
38747618
33411955
37091584
33595290
30770448
30060743
29311308
16904611
12861037
39684248
38558215
37478565
35144106
34906470
34789173
34080848
27821059
26494580
23741392
25070947
32669542
29983511
12163570
37766299
36111018
34181484
22880947
38645658
33553043
32219172
32179734
31235575
30735495
30504364
23657883
17483520
24198414
36656825
26810227
26530418
1402676
22895051
19138966
33368296
38194422
32358516
37655966
35495122
34552144
25034258
23315165
23160480
22549943
32839827
30961537
30691388
35938720
35729184
35562071
34576838
27348411
27152024
25765644
9864173
39573987
38104851
33881499
30986212
28784758
27754363
22157821
21960445
36541070
18541667
31781350
28501927
26220181
12783625
34461831
30625384
30474557
23661644
40328174
29142125
36510323
28263189
28992427
32629081
31976323
12063247
33484035
28973557
22927817
31527637
19958507
37201057
36696439
35988719
25642960
24415763
16547095
35235448
34113563
32561861
21558802
11734560
9858539
37433798
32413988
31416580
26833090
23090737
21614131
19834951
14769931
22549493
33185739
31804490
24732879
33202558
32061658
31439835
1700052
35589737
34155103
28677663
20724292
18946034
31464387
29402077
16002708
12034848
40380090
28666423
27788131
27365461
26982350
25652644
21097874
11427727
39430856
32132159
30840704
27409608
19151141
40084888
38664429
37689681
31477010
28869610
26790612
24942570
30496704
22414054
18510924
36140803
39796632
33854038
37710018
30804224
25299392
31595034
15057963
39594135
34330903
31737985
29507424
26996949
26490867
39019869
31748270
25799064
35793776
31019307
30808329
30381486
22195037
21182906
18182332
23994691
40382612
37669378
30683683
29860127
34066083
39511594
34347949
35221333
30877103
31774634
29995221
29021290
30252044
33861876
28794047
32522879
29125628
25333882
33125391
29555990